# First line is two numbers 
#     First value is '2', it means 'histogram mode'
#     Second value is 'Emin' of the histogram
# Other lines : 2 columns. 1) energy 2) probability (nb divided by NbEvent)
# Number of bins = 2000
# Content below the first bin: 0
# Content above the last  bin: 0
# Content above the last  bin: 0
# Number of events: 100000000
2 0
0.0075 0.00024823
0.015 0.0005299
0.0225 0.00042353
0.03 0.00037445
0.0375 0.00035648
0.045 0.00034468
0.0525 0.00033986
0.06 0.00033646
0.0675 0.0003403
0.075 0.0003458
0.0825 0.0003516
0.09 0.00036108
0.0975 0.00036709
0.105 0.00038026
0.1125 0.0003897
0.12 0.00039918
0.1275 0.00040842
0.135 0.00042159
0.1425 0.00042776
0.15 0.00044125
0.1575 0.00044846
0.165 0.00045878
0.1725 0.00046735
0.18 0.00047655
0.1875 0.00048829
0.195 0.00049955
0.2025 0.00050703
0.21 0.00051425
0.2175 0.00052159
0.225 0.00052942
0.2325 0.00053928
0.24 0.00054318
0.2475 0.00055462
0.255 0.00056245
0.2625 0.00056362
0.27 0.00056771
0.2775 0.00057948
0.285 0.00058267
0.2925 0.0005903
0.3 0.00059239
0.3075 0.00060385
0.315 0.00060649
0.3225 0.0006135
0.33 0.00061239
0.3375 0.00062615
0.345 0.00062305
0.3525 0.00063388
0.36 0.00155058
0.3675 0.0247411
0.375 0.0241938
0.3825 0.023666
0.39 0.0231148
0.3975 0.0226503
0.405 0.0221469
0.4125 0.0216639
0.42 0.0212271
0.4275 0.0207859
0.435 0.0203746
0.4425 0.0199713
0.45 0.0195584
0.4575 0.0192012
0.465 0.0188555
0.4725 0.0184965
0.48 0.0181342
0.4875 0.01785
0.495 0.0175122
0.5025 0.0171944
0.51 0.0168737
0.5175 0.392033
0.525 0.0163332
0.5325 0.0160779
0.54 0.0157823
0.5475 0.0155405
0.555 0.0152815
0.5625 0.0150356
0.57 0.0147944
0.5775 0.0145922
0.585 0.014358
0.5925 0.0141207
0.6 0.0139188
0.6075 0.0137203
0.615 0.0135003
0.6225 0.0133014
0.63 0.0131321
0.6375 0.0129175
0.645 0.012748
0.6525 0.0125616
0.66 0.0124171
0.6675 0.0122472
0.675 0.0120926
0.6825 0.0118916
0.69 0.0117744
0.6975 0.0116143
0.705 0.0114546
0.7125 0.0113042
0.72 0.0111722
0.7275 0.0110166
0.735 0.0108726
0.7425 0.0107405
0.75 0.0106179
0.7575 0.0104711
0.765 0.0103367
0.7725 0.010218
0.78 0.0101024
0.7875 0.00997658
0.795 0.00986313
0.8025 0.00975977
0.81 0.00963471
0.8175 0.0095256
0.825 0.00940043
0.8325 0.00930537
0.84 0.0092107
0.8475 0.00910599
0.855 0.00899406
0.8625 0.00889288
0.87 0.00879796
0.8775 0.00869359
0.885 0.00858133
0.8925 0.00850339
0.9 0.00840798
0.9075 0.00831081
0.915 0.00821862
0.9225 0.0081553
0.93 0.00806921
0.9375 0.0079708
0.945 0.00789462
0.9525 0.00780345
0.96 0.00772801
0.9675 0.00765439
0.975 0.00758694
0.9825 0.0075094
0.99 0.00742066
0.9975 0.00735093
1.005 0.00727509
1.0125 0.00722318
1.02 0.0071443
1.0275 0.00707713
1.035 0.00701817
1.0425 0.00694037
1.05 0.00687793
1.0575 0.00682303
1.065 0.00675254
1.0725 0.00669396
1.08 0.00663183
1.0875 0.00657612
1.095 0.00650767
1.1025 0.00645582
1.11 0.00639399
1.1175 0.00633657
1.125 0.00626588
1.1325 0.00624599
1.14 0.00615636
1.1475 0.00611098
1.155 0.00608094
1.1625 0.00601542
1.17 0.00595926
1.1775 0.00590082
1.185 0.00585754
1.1925 0.00582266
1.2 0.00575836
1.2075 0.00571825
1.215 0.00566039
1.2225 0.00563061
1.23 0.00558658
1.2375 0.00552713
1.245 0.00548654
1.2525 0.00544496
1.26 0.00540034
1.2675 0.00535189
1.275 0.00531001
1.2825 0.00526717
1.29 0.00522847
1.2975 0.00520531
1.305 0.00515342
1.3125 0.00509717
1.32 0.00507409
1.3275 0.00503163
1.335 0.00499803
1.3425 0.00495381
1.35 0.00492245
1.3575 0.00486509
1.365 0.00484274
1.3725 0.00481473
1.38 0.00477114
1.3875 0.00474541
1.395 0.004687
1.4025 0.00467126
1.41 0.00461872
1.4175 0.00459902
1.425 0.00456112
1.4325 0.00453085
1.44 0.00450183
1.4475 0.00445632
1.455 0.00443211
1.4625 0.00438979
1.47 0.00435945
1.4775 0.00433594
1.485 0.00430829
1.4925 0.00428932
1.5 0.00424812
1.5075 0.00421898
1.515 0.0041911
1.5225 0.00415646
1.53 0.0041295
1.5375 0.0041072
1.545 0.00405567
1.5525 0.00405771
1.56 0.00401909
1.5675 0.0039921
1.575 0.00396088
1.5825 0.0039438
1.59 0.00392575
1.5975 0.00388897
1.605 0.00387211
1.6125 0.00383535
1.62 0.00381179
1.6275 0.0037828
1.635 0.00376083
1.6425 0.00374177
1.65 0.00371027
1.6575 0.00368583
1.665 0.00367252
1.6725 0.00364061
1.68 0.00362517
1.6875 0.00358754
1.695 0.00357
1.7025 0.00355017
1.71 0.00352866
1.7175 0.00350358
1.725 0.00348246
1.7325 0.00346953
1.74 0.00344199
1.7475 0.00342288
1.755 0.00339654
1.7625 0.00337402
1.77 0.00335356
1.7775 0.00333487
1.785 0.00330334
1.7925 0.00329779
1.8 0.00327214
1.8075 0.00325246
1.815 0.00323131
1.8225 0.00321148
1.83 0.00320056
1.8375 0.00316883
1.845 0.00315932
1.8525 0.00312852
1.86 0.00313462
1.8675 0.00310042
1.875 0.00308221
1.8825 0.00307227
1.89 0.00303067
1.8975 0.00302813
1.905 0.00302015
1.9125 0.00299839
1.92 0.00297426
1.9275 0.00297243
1.935 0.00295168
1.9425 0.00292319
1.95 0.00291109
1.9575 0.00289731
1.965 0.0028722
1.9725 0.00286987
1.98 0.00284528
1.9875 0.00282751
1.995 0.00281669
2.0025 0.00279669
2.01 0.00278565
2.0175 0.00276554
2.025 0.00274944
2.0325 0.00273727
2.04 0.00272323
2.0475 0.0027129
2.055 0.00269588
2.0625 0.00266757
2.07 0.00266493
2.0775 0.00264389
2.085 0.00262389
2.0925 0.00262537
2.1 0.00260071
2.1075 0.00259557
2.115 0.0025816
2.1225 0.00256282
2.13 0.00255183
2.1375 0.00253443
2.145 0.00251781
2.1525 0.00253281
2.16 0.00253056
2.1675 0.00250932
2.175 0.00250021
2.1825 0.00249381
2.19 0.00247576
2.1975 0.00246093
2.205 0.00244489
2.2125 0.00243717
2.22 0.00243115
2.2275 0.00241886
2.235 0.00240358
2.2425 0.00238672
2.25 0.00237411
2.2575 0.00235835
2.265 0.00234238
2.2725 0.0023357
2.28 0.002322
2.2875 0.00231871
2.295 0.00230083
2.3025 0.00229342
2.31 0.00227475
2.3175 0.00226338
2.325 0.00225354
2.3325 0.002241
2.34 0.00223536
2.3475 0.00222327
2.355 0.00220158
2.3625 0.00220449
2.37 0.00218114
2.3775 0.00217994
2.385 0.00215669
2.3925 0.00215871
2.4 0.00213881
2.4075 0.00212772
2.415 0.00212676
2.4225 0.00211474
2.43 0.00211299
2.4375 0.00209132
2.445 0.00207852
2.4525 0.00206899
2.46 0.00206797
2.4675 0.00205864
2.475 0.00204089
2.4825 0.00203317
2.49 0.00202073
2.4975 0.0020132
2.505 0.00201003
2.5125 0.00199413
2.52 0.00198604
2.5275 0.00196818
2.535 0.00196304
2.5425 0.00195443
2.55 0.00195216
2.5575 0.00194095
2.565 0.00192601
2.5725 0.00191461
2.58 0.00192116
2.5875 0.0018996
2.595 0.00189132
2.6025 0.0018885
2.61 0.00187179
2.6175 0.0018636
2.625 0.00185348
2.6325 0.00185098
2.64 0.00183881
2.6475 0.0018267
2.655 0.00182103
2.6625 0.00180634
2.67 0.00180043
2.6775 0.00179416
2.685 0.00178999
2.6925 0.00177472
2.7 0.00177891
2.7075 0.00177206
2.715 0.00175104
2.7225 0.00175078
2.73 0.0017492
2.7375 0.00173648
2.745 0.00172313
2.7525 0.00172276
2.76 0.00171201
2.7675 0.00170072
2.775 0.00169822
2.7825 0.00167864
2.79 0.00167711
2.7975 0.00167225
2.805 0.0016621
2.8125 0.00165306
2.82 0.00165375
2.8275 0.00165169
2.835 0.00163459
2.8425 0.0016194
2.85 0.00162393
2.8575 0.00160996
2.865 0.00160666
2.8725 0.00159849
2.88 0.00159094
2.8875 0.00158294
2.895 0.00157662
2.9025 0.00157184
2.91 0.00155974
2.9175 0.00155593
2.925 0.00154989
2.9325 0.00154664
2.94 0.00153902
2.9475 0.00152863
2.955 0.00152665
2.9625 0.00151923
2.97 0.00150927
2.9775 0.00150237
2.985 0.00149922
2.9925 0.00148934
3 0.00148685
3.0075 0.00148649
3.015 0.00147853
3.0225 0.00146304
3.03 0.00145683
3.0375 0.00145275
3.045 0.00145157
3.0525 0.00143779
3.06 0.00143013
3.0675 0.00142609
3.075 0.00142431
3.0825 0.00141129
3.09 0.00141422
3.0975 0.00140244
3.105 0.00139876
3.1125 0.00140088
3.12 0.00139138
3.1275 0.00137918
3.135 0.00137774
3.1425 0.00136453
3.15 0.00136994
3.1575 0.00135786
3.165 0.00135203
3.1725 0.00135409
3.18 0.00134201
3.1875 0.00133759
3.195 0.00133477
3.2025 0.00132498
3.21 0.00132402
3.2175 0.00131367
3.225 0.0013092
3.2325 0.00130749
3.24 0.00130189
3.2475 0.00129369
3.255 0.00128041
3.2625 0.0012834
3.27 0.00127388
3.2775 0.00127116
3.285 0.00126489
3.2925 0.00125912
3.3 0.00125617
3.3075 0.00125031
3.315 0.00123899
3.3225 0.00124932
3.33 0.00123802
3.3375 0.00123788
3.345 0.00122841
3.3525 0.00122067
3.36 0.00122283
3.3675 0.0012153
3.375 0.00120853
3.3825 0.00120299
3.39 0.00120174
3.3975 0.00119594
3.405 0.00118993
3.4125 0.001181
3.42 0.00117506
3.4275 0.00117005
3.435 0.00116733
3.4425 0.00116287
3.45 0.00115608
3.4575 0.0011547
3.465 0.00115302
3.4725 0.00114213
3.48 0.00114484
3.4875 0.00113219
3.495 0.00113207
3.5025 0.00112936
3.51 0.00112495
3.5175 0.0011182
3.525 0.00112038
3.5325 0.00110849
3.54 0.00111193
3.5475 0.00110349
3.555 0.0010996
3.5625 0.00108937
3.57 0.00109042
3.5775 0.00108053
3.585 0.00108666
3.5925 0.00108085
3.6 0.0010714
3.6075 0.00107004
3.615 0.00106461
3.6225 0.00106136
3.63 0.00105768
3.6375 0.00105936
3.645 0.00104709
3.6525 0.00104159
3.66 0.00104341
3.6675 0.00104146
3.675 0.00103292
3.6825 0.00103222
3.69 0.0010207
3.6975 0.00102529
3.705 0.00102171
3.7125 0.00101407
3.72 0.00101621
3.7275 0.00100335
3.735 0.00100366
3.7425 0.00099704
3.75 0.00099948
3.7575 0.0009893
3.765 0.00098734
3.7725 0.00098196
3.78 0.00098326
3.7875 0.00098091
3.795 0.00097957
3.8025 0.00096823
3.81 0.0009649
3.8175 0.00096239
3.825 0.00096028
3.8325 0.00095695
3.84 0.00095471
3.8475 0.0009464
3.855 0.00094509
3.8625 0.00093979
3.87 0.00093917
3.8775 0.00093676
3.885 0.00093277
3.8925 0.00092839
3.9 0.0009232
3.9075 0.00092083
3.915 0.00091732
3.9225 0.00091196
3.93 0.00091025
3.9375 0.00091699
3.945 0.00090303
3.9525 0.00090425
3.96 0.00089706
3.9675 0.00088968
3.975 0.0008903
3.9825 0.00088908
3.99 0.00088469
3.9975 0.00088174
4.005 0.0008779
4.0125 0.00087856
4.02 0.00087498
4.0275 0.00087075
4.035 0.00086825
4.0425 0.00086307
4.05 0.00085727
4.0575 0.00086002
4.065 0.00085445
4.0725 0.00085216
4.08 0.00084292
4.0875 0.00084579
4.095 0.00084171
4.1025 0.00083878
4.11 0.00083587
4.1175 0.00083258
4.125 0.00082784
4.1325 0.00082406
4.14 0.0008207
4.1475 0.00081972
4.155 0.00081787
4.1625 0.00081255
4.17 0.00081231
4.1775 0.00081154
4.185 0.00080578
4.1925 0.00080143
4.2 0.00080055
4.2075 0.00079812
4.215 0.00079203
4.2225 0.00079377
4.23 0.00079185
4.2375 0.00078578
4.245 0.00078509
4.2525 0.00077999
4.26 0.00077947
4.2675 0.00077975
4.275 0.00077565
4.2825 0.00076735
4.29 0.00076754
4.2975 0.0007616
4.305 0.00076587
4.3125 0.00075794
4.32 0.00075663
4.3275 0.00075337
4.335 0.00075133
4.3425 0.00075255
4.35 0.00074604
4.3575 0.00074189
4.365 0.0007454
4.3725 0.00073927
4.38 0.00073831
4.3875 0.00073225
4.395 0.00072947
4.4025 0.00072835
4.41 0.00072196
4.4175 0.00072544
4.425 0.00072018
4.4325 0.00071884
4.44 0.00072169
4.4475 0.00071615
4.455 0.00071161
4.4625 0.0007094
4.47 0.00070356
4.4775 0.00070662
4.485 0.00070109
4.4925 0.00069698
4.5 0.00069936
4.5075 0.00069224
4.515 0.00068988
4.5225 0.00068593
4.53 0.00068541
4.5375 0.00068495
4.545 0.00067776
4.5525 0.00067643
4.56 0.00067508
4.5675 0.00067727
4.575 0.00067421
4.5825 0.00067281
4.59 0.0006711
4.5975 0.00066699
4.605 0.0006631
4.6125 0.00065934
4.62 0.00066179
4.6275 0.00065622
4.635 0.00065643
4.6425 0.00065654
4.65 0.00064885
4.6575 0.00064998
4.665 0.00064708
4.6725 0.0006447
4.68 0.00064272
4.6875 0.00063877
4.695 0.00064084
4.7025 0.00063516
4.71 0.00063499
4.7175 0.00063201
4.725 0.00062535
4.7325 0.00062625
4.74 0.00062368
4.7475 0.00062243
4.755 0.00061924
4.7625 0.00062233
4.77 0.00061781
4.7775 0.00061586
4.785 0.00061336
4.7925 0.0006075
4.8 0.00060666
4.8075 0.00060849
4.815 0.0006054
4.8225 0.00060141
4.83 0.00060039
4.8375 0.00060038
4.845 0.00059272
4.8525 0.00059874
4.86 0.00059109
4.8675 0.00059082
4.875 0.00058965
4.8825 0.00058741
4.89 0.00057982
4.8975 0.00058378
4.905 0.00058136
4.9125 0.00057532
4.92 0.00057795
4.9275 0.00057705
4.935 0.00057281
4.9425 0.00057335
4.95 0.00057094
4.9575 0.00057057
4.965 0.0005635
4.9725 0.00056506
4.98 0.00056069
4.9875 0.00056255
4.995 0.00055804
5.0025 0.00055988
5.01 0.00055763
5.0175 0.00055424
5.025 0.00055266
5.0325 0.0005474
5.04 0.00054452
5.0475 0.00054758
5.055 0.00054801
5.0625 0.00054224
5.07 0.00054294
5.0775 0.00053779
5.085 0.00053548
5.0925 0.00053679
5.1 0.00052715
5.1075 0.00053426
5.115 0.00053375
5.1225 0.000528
5.13 0.00052892
5.1375 0.00052426
5.145 0.00052414
5.1525 0.0005225
5.16 0.00051826
5.1675 0.00052058
5.175 0.00051625
5.1825 0.00051474
5.19 0.00051176
5.1975 0.00050832
5.205 0.0005147
5.2125 0.00050895
5.22 0.00050668
5.2275 0.000511
5.235 0.00050505
5.2425 0.0005019
5.25 0.00049854
5.2575 0.00049755
5.265 0.00049597
5.2725 0.00049568
5.28 0.00049495
5.2875 0.00049488
5.295 0.00048901
5.3025 0.00048889
5.31 0.00049003
5.3175 0.00048537
5.325 0.00048271
5.3325 0.00048391
5.34 0.00047907
5.3475 0.0004791
5.355 0.00047998
5.3625 0.00047714
5.37 0.00047386
5.3775 0.00047247
5.385 0.00047034
5.3925 0.00047081
5.4 0.00046898
5.4075 0.00046493
5.415 0.00046049
5.4225 0.00046434
5.43 0.00046416
5.4375 0.00046012
5.445 0.00046243
5.4525 0.00045975
5.46 0.00045093
5.4675 0.00045879
5.475 0.00045643
5.4825 0.00045483
5.49 0.00045233
5.4975 0.00045011
5.505 0.00044894
5.5125 0.00044891
5.52 0.00044855
5.5275 0.0004458
5.535 0.00044349
5.5425 0.00044167
5.55 0.00044134
5.5575 0.00043949
5.565 0.00043464
5.5725 0.00043427
5.58 0.00043377
5.5875 0.00043101
5.595 0.00043011
5.6025 0.00042544
5.61 0.00042878
5.6175 0.00042889
5.625 0.00042529
5.6325 0.00042597
5.64 0.00042087
5.6475 0.00042135
5.655 0.00042189
5.6625 0.00041815
5.67 0.00041978
5.6775 0.00041619
5.685 0.00041347
5.6925 0.00041434
5.7 0.00041081
5.7075 0.00041268
5.715 0.00041207
5.7225 0.00041098
5.73 0.00040722
5.7375 0.00040576
5.745 0.00040798
5.7525 0.00040646
5.76 0.00040342
5.7675 0.00039999
5.775 0.00040056
5.7825 0.00040001
5.79 0.00040054
5.7975 0.00039636
5.805 0.000395
5.8125 0.00039294
5.82 0.00039173
5.8275 0.00039146
5.835 0.0003916
5.8425 0.0003869
5.85 0.00038707
5.8575 0.00038963
5.865 0.00038258
5.8725 0.00038624
5.88 0.00038232
5.8875 0.00038023
5.895 0.00038086
5.9025 0.00038132
5.91 0.00037819
5.9175 0.00037627
5.925 0.00037417
5.9325 0.00037619
5.94 0.00037205
5.9475 0.00037
5.955 0.00036983
5.9625 0.0003706
5.97 0.00036826
5.9775 0.00036607
5.985 0.00036653
5.9925 0.00036683
6 0.00036108
6.0075 0.00036089
6.015 0.00036106
6.0225 0.00036488
6.03 0.00036227
6.0375 0.00035825
6.045 0.00035655
6.0525 0.00036116
6.06 0.0003537
6.0675 0.00035229
6.075 0.00035047
6.0825 0.00035427
6.09 0.00034927
6.0975 0.00035015
6.105 0.00034922
6.1125 0.00034766
6.12 0.00034599
6.1275 0.00034791
6.135 0.00034681
6.1425 0.0003417
6.15 0.00034306
6.1575 0.00034163
6.165 0.00034203
6.1725 0.00034003
6.18 0.00033516
6.1875 0.0003375
6.195 0.00033705
6.2025 0.00033822
6.21 0.00033466
6.2175 0.00033159
6.225 0.00033411
6.2325 0.00032634
6.24 0.00032929
6.2475 0.0003297
6.255 0.00032861
6.2625 0.00032607
6.27 0.00032336
6.2775 0.00032288
6.285 0.0003241
6.2925 0.00032452
6.3 0.00031936
6.3075 0.00031802
6.315 0.0003168
6.3225 0.00031667
6.33 0.00032
6.3375 0.00031613
6.345 0.0003149
6.3525 0.00031845
6.36 0.00031556
6.3675 0.00031255
6.375 0.00030967
6.3825 0.00030963
6.39 0.00031147
6.3975 0.00031011
6.405 0.00030715
6.4125 0.00030585
6.42 0.0003053
6.4275 0.00030774
6.435 0.00030556
6.4425 0.00030519
6.45 0.00030369
6.4575 0.00030243
6.465 0.00029924
6.4725 0.00029805
6.48 0.00029897
6.4875 0.00029862
6.495 0.00030045
6.5025 0.00029476
6.51 0.00029718
6.5175 0.00029615
6.525 0.00029299
6.5325 0.00029068
6.54 0.00029345
6.5475 0.00028918
6.555 0.00029018
6.5625 0.00029098
6.57 0.0002897
6.5775 0.00028766
6.585 0.00028384
6.5925 0.00028504
6.6 0.00028732
6.6075 0.00028491
6.615 0.0002803
6.6225 0.00028205
6.63 0.00028385
6.6375 0.0002799
6.645 0.00027596
6.6525 0.00027721
6.66 0.00027545
6.6675 0.00027792
6.675 0.00027901
6.6825 0.00027415
6.69 0.00027684
6.6975 0.00027628
6.705 0.00027424
6.7125 0.00027099
6.72 0.00027035
6.7275 0.00026765
6.735 0.00027021
6.7425 0.0002657
6.75 0.00026704
6.7575 0.00026386
6.765 0.00026745
6.7725 0.00026127
6.78 0.00026376
6.7875 0.00026493
6.795 0.00026478
6.8025 0.00025975
6.81 0.000261
6.8175 0.00026067
6.825 0.00026125
6.8325 0.00025693
6.84 0.00025835
6.8475 0.00025703
6.855 0.00025538
6.8625 0.00025649
6.87 0.00025386
6.8775 0.00025559
6.885 0.00025023
6.8925 0.00025407
6.9 0.00025253
6.9075 0.00025122
6.915 0.00024792
6.9225 0.00024732
6.93 0.00024757
6.9375 0.00024599
6.945 0.00024596
6.9525 0.00024477
6.96 0.00024572
6.9675 0.00024337
6.975 0.00024708
6.9825 0.00024512
6.99 0.00024066
6.9975 0.00023965
7.005 0.00024269
7.0125 0.00023887
7.02 0.00023923
7.0275 0.0002393
7.035 0.00023816
7.0425 0.00023835
7.05 0.00023332
7.0575 0.00023698
7.065 0.00023288
7.0725 0.00023405
7.08 0.00023584
7.0875 0.0002318
7.095 0.00023045
7.1025 0.00023003
7.11 0.00022828
7.1175 0.00022937
7.125 0.0002297
7.1325 0.00022754
7.14 0.00022992
7.1475 0.00022744
7.155 0.00022613
7.1625 0.00022557
7.17 0.00022455
7.1775 0.00022554
7.185 0.00022336
7.1925 0.00022174
7.2 0.00022026
7.2075 0.00021787
7.215 0.00022059
7.2225 0.00021686
7.23 0.00022144
7.2375 0.00021758
7.245 0.00021731
7.2525 0.00021866
7.26 0.00021568
7.2675 0.00021424
7.275 0.00021605
7.2825 0.00021724
7.29 0.00021203
7.2975 0.00021379
7.305 0.00021245
7.3125 0.00021375
7.32 0.00021085
7.3275 0.00021125
7.335 0.00020924
7.3425 0.00020913
7.35 0.00020681
7.3575 0.00020807
7.365 0.00021017
7.3725 0.00020872
7.38 0.00020886
7.3875 0.00020338
7.395 0.00020488
7.4025 0.00020486
7.41 0.00020318
7.4175 0.00020237
7.425 0.0002032
7.4325 0.00020056
7.44 0.00020086
7.4475 0.00020113
7.455 0.00019933
7.4625 0.00019831
7.47 0.00019794
7.4775 0.00019927
7.485 0.00019518
7.4925 0.00019749
7.5 0.00019627
7.5075 0.00019412
7.515 0.00019307
7.5225 0.00019305
7.53 0.00019669
7.5375 0.00019188
7.545 0.00019143
7.5525 0.00019125
7.56 0.00018969
7.5675 0.00018867
7.575 0.00019133
7.5825 0.00018861
7.59 0.00018753
7.5975 0.00018666
7.605 0.0001847
7.6125 0.0001869
7.62 0.00018736
7.6275 0.00018317
7.635 0.00018477
7.6425 0.00018672
7.65 0.00018401
7.6575 0.0001822
7.665 0.00018268
7.6725 0.00018122
7.68 0.00017894
7.6875 0.00018101
7.695 0.00017932
7.7025 0.00017856
7.71 0.00017982
7.7175 0.00017705
7.725 0.00017836
7.7325 0.00017672
7.74 0.00017585
7.7475 0.00017643
7.755 0.00017438
7.7625 0.00017339
7.77 0.0001744
7.7775 0.00017476
7.785 0.00017306
7.7925 0.00017317
7.8 0.0001718
7.8075 0.00017076
7.815 0.00017089
7.8225 0.00016674
7.83 0.00016722
7.8375 0.00016934
7.845 0.00016936
7.8525 0.00016879
7.86 0.00016802
7.8675 0.00016966
7.875 0.00016812
7.8825 0.000167
7.89 0.0001654
7.8975 0.0001654
7.905 0.00016587
7.9125 0.00016661
7.92 0.00016452
7.9275 0.00016312
7.935 0.0001637
7.9425 0.000162
7.95 0.00016311
7.9575 0.00016241
7.965 0.00016258
7.9725 0.00016059
7.98 0.00015886
7.9875 0.00015841
7.995 0.00015787
8.0025 0.00015857
8.01 0.00015755
8.0175 0.00015754
8.025 0.00015754
8.0325 0.00015669
8.04 0.00015385
8.0475 0.00015633
8.055 0.00015358
8.0625 0.00015226
8.07 0.00015365
8.0775 0.0001524
8.085 0.00015351
8.0925 0.00015
8.1 0.00015257
8.1075 0.00015173
8.115 0.00015051
8.1225 0.0001495
8.13 0.00014635
8.1375 0.00014681
8.145 0.00014681
8.1525 0.00014909
8.16 0.00014748
8.1675 0.00014791
8.175 0.00014704
8.1825 0.00014684
8.19 0.00014666
8.1975 0.00014481
8.205 0.00014417
8.2125 0.00014551
8.22 0.00014379
8.2275 0.00014421
8.235 0.00014104
8.2425 0.00014371
8.25 0.00014087
8.2575 0.00014203
8.265 0.00014182
8.2725 0.00013774
8.28 0.00013849
8.2875 0.0001391
8.295 0.00014012
8.3025 0.00013898
8.31 0.00013858
8.3175 0.00013897
8.325 0.00013662
8.3325 0.00013663
8.34 0.00013517
8.3475 0.00013679
8.355 0.00013646
8.3625 0.00013322
8.37 0.00013621
8.3775 0.00013301
8.385 0.00013325
8.3925 0.00013294
8.4 0.0001312
8.4075 0.00013196
8.415 0.0001324
8.4225 0.00013095
8.43 0.00012884
8.4375 0.00013011
8.445 0.00013091
8.4525 0.0001284
8.46 0.00012861
8.4675 0.00013035
8.475 0.00012781
8.4825 0.00012838
8.49 0.00012247
8.4975 0.00012668
8.505 0.00012626
8.5125 0.00012618
8.52 0.00012444
8.5275 0.00012674
8.535 0.0001236
8.5425 0.00012444
8.55 0.00012425
8.5575 0.00012184
8.565 0.00012071
8.5725 0.0001244
8.58 0.00012197
8.5875 0.00012252
8.595 0.00012218
8.6025 0.00011983
8.61 0.00011915
8.6175 0.00011984
8.625 0.00012027
8.6325 0.00011803
8.64 0.0001185
8.6475 0.00011895
8.655 0.00011914
8.6625 0.00011728
8.67 0.00011679
8.6775 0.00011654
8.685 0.00011645
8.6925 0.0001147
8.7 0.00011577
8.7075 0.00011458
8.715 0.00011404
8.7225 0.00011298
8.73 0.00011247
8.7375 0.00011254
8.745 0.0001138
8.7525 0.00011121
8.76 0.0001127
8.7675 0.00011025
8.775 0.0001117
8.7825 0.000112
8.79 0.00010885
8.7975 0.00011043
8.805 0.00010832
8.8125 0.00010844
8.82 0.00010937
8.8275 0.00010746
8.835 0.00010908
8.8425 0.00010825
8.85 0.00010712
8.8575 0.00010604
8.865 0.00010639
8.8725 0.00010562
8.88 0.00010602
8.8875 0.0001061
8.895 0.00010693
8.9025 0.00010441
8.91 0.00010361
8.9175 0.0001031
8.925 0.0001038
8.9325 0.00010279
8.94 0.00010409
8.9475 0.00010005
8.955 0.00010389
8.9625 0.00010068
8.97 0.00010185
8.9775 0.00010164
8.985 0.00010169
8.9925 9.948e-05
9 9.957e-05
9.0075 9.847e-05
9.015 9.856e-05
9.0225 9.982e-05
9.03 9.748e-05
9.0375 9.81e-05
9.045 9.633e-05
9.0525 9.723e-05
9.06 9.6e-05
9.0675 9.599e-05
9.075 9.57e-05
9.0825 9.71e-05
9.09 9.69e-05
9.0975 9.503e-05
9.105 9.466e-05
9.1125 9.573e-05
9.12 9.39e-05
9.1275 9.314e-05
9.135 9.233e-05
9.1425 9.24e-05
9.15 9.196e-05
9.1575 9.252e-05
9.165 9.249e-05
9.1725 9.039e-05
9.18 9.263e-05
9.1875 8.945e-05
9.195 9.182e-05
9.2025 9.012e-05
9.21 9.117e-05
9.2175 8.79e-05
9.225 8.894e-05
9.2325 9.146e-05
9.24 8.954e-05
9.2475 8.63e-05
9.255 8.9e-05
9.2625 8.789e-05
9.27 8.683e-05
9.2775 8.684e-05
9.285 8.777e-05
9.2925 8.674e-05
9.3 8.648e-05
9.3075 8.481e-05
9.315 8.647e-05
9.3225 8.396e-05
9.33 8.472e-05
9.3375 8.443e-05
9.345 8.399e-05
9.3525 8.495e-05
9.36 8.105e-05
9.3675 8.287e-05
9.375 8.281e-05
9.3825 8.274e-05
9.39 8.128e-05
9.3975 8.137e-05
9.405 8.144e-05
9.4125 8.203e-05
9.42 7.973e-05
9.4275 7.932e-05
9.435 8.044e-05
9.4425 7.952e-05
9.45 7.938e-05
9.4575 7.894e-05
9.465 7.813e-05
9.4725 7.741e-05
9.48 7.665e-05
9.4875 7.574e-05
9.495 7.849e-05
9.5025 7.885e-05
9.51 7.644e-05
9.5175 7.601e-05
9.525 7.669e-05
9.5325 7.617e-05
9.54 7.485e-05
9.5475 7.47e-05
9.555 7.454e-05
9.5625 7.535e-05
9.57 7.3e-05
9.5775 7.344e-05
9.585 7.409e-05
9.5925 7.269e-05
9.6 7.245e-05
9.6075 7.165e-05
9.615 7.399e-05
9.6225 7.083e-05
9.63 7.194e-05
9.6375 7.286e-05
9.645 7.06e-05
9.6525 7.029e-05
9.66 7.004e-05
9.6675 6.864e-05
9.675 6.974e-05
9.6825 6.889e-05
9.69 6.753e-05
9.6975 7.1e-05
9.705 6.791e-05
9.7125 6.828e-05
9.72 6.715e-05
9.7275 6.73e-05
9.735 6.652e-05
9.7425 6.624e-05
9.75 6.675e-05
9.7575 6.561e-05
9.765 6.619e-05
9.7725 6.579e-05
9.78 6.467e-05
9.7875 6.491e-05
9.795 6.634e-05
9.8025 6.524e-05
9.81 6.439e-05
9.8175 6.41e-05
9.825 6.384e-05
9.8325 6.334e-05
9.84 6.27e-05
9.8475 6.31e-05
9.855 6.43e-05
9.8625 6.312e-05
9.87 6.209e-05
9.8775 6.298e-05
9.885 6.116e-05
9.8925 6.314e-05
9.9 6.134e-05
9.9075 5.974e-05
9.915 6.098e-05
9.9225 6.055e-05
9.93 6.068e-05
9.9375 6.063e-05
9.945 5.932e-05
9.9525 5.956e-05
9.96 5.872e-05
9.9675 5.836e-05
9.975 5.829e-05
9.9825 5.805e-05
9.99 5.775e-05
9.9975 5.716e-05
10.005 5.692e-05
10.0125 5.615e-05
10.02 5.681e-05
10.0275 5.572e-05
10.035 5.589e-05
10.0425 5.389e-05
10.05 5.552e-05
10.0575 5.414e-05
10.065 5.415e-05
10.0725 5.507e-05
10.08 5.449e-05
10.0875 5.384e-05
10.095 5.391e-05
10.1025 5.34e-05
10.11 5.279e-05
10.1175 5.382e-05
10.125 5.27e-05
10.1325 5.274e-05
10.14 5.206e-05
10.1475 5.3e-05
10.155 5.187e-05
10.1625 5.158e-05
10.17 5.052e-05
10.1775 5.087e-05
10.185 5.045e-05
10.1925 5.062e-05
10.2 5.078e-05
10.2075 5.116e-05
10.215 5.036e-05
10.2225 5.011e-05
10.23 4.766e-05
10.2375 4.83e-05
10.245 4.92e-05
10.2525 4.783e-05
10.26 4.839e-05
10.2675 4.812e-05
10.275 4.811e-05
10.2825 4.755e-05
10.29 4.732e-05
10.2975 4.671e-05
10.305 4.562e-05
10.3125 4.606e-05
10.32 4.639e-05
10.3275 4.606e-05
10.335 4.567e-05
10.3425 4.396e-05
10.35 4.459e-05
10.3575 4.47e-05
10.365 4.397e-05
10.3725 4.469e-05
10.38 4.265e-05
10.3875 4.303e-05
10.395 4.428e-05
10.4025 4.404e-05
10.41 4.319e-05
10.4175 4.407e-05
10.425 4.293e-05
10.4325 4.297e-05
10.44 4.136e-05
10.4475 4.365e-05
10.455 4.171e-05
10.4625 4.211e-05
10.47 4.12e-05
10.4775 4.207e-05
10.485 4.113e-05
10.4925 3.991e-05
10.5 4.089e-05
10.5075 3.938e-05
10.515 3.948e-05
10.5225 3.87e-05
10.53 3.906e-05
10.5375 3.942e-05
10.545 3.811e-05
10.5525 3.776e-05
10.56 3.921e-05
10.5675 3.825e-05
10.575 3.824e-05
10.5825 3.69e-05
10.59 3.775e-05
10.5975 3.839e-05
10.605 3.758e-05
10.6125 3.735e-05
10.62 3.643e-05
10.6275 3.683e-05
10.635 3.625e-05
10.6425 3.658e-05
10.65 3.664e-05
10.6575 3.519e-05
10.665 3.597e-05
10.6725 3.433e-05
10.68 3.5e-05
10.6875 3.515e-05
10.695 3.424e-05
10.7025 3.482e-05
10.71 3.381e-05
10.7175 3.308e-05
10.725 3.281e-05
10.7325 3.174e-05
10.74 3.227e-05
10.7475 3.214e-05
10.755 3.234e-05
10.7625 3.177e-05
10.77 3.261e-05
10.7775 3.143e-05
10.785 3.096e-05
10.7925 3.205e-05
10.8 3.143e-05
10.8075 3.162e-05
10.815 3.196e-05
10.8225 3.04e-05
10.83 3.11e-05
10.8375 2.989e-05
10.845 3.032e-05
10.8525 2.982e-05
10.86 3.038e-05
10.8675 3.002e-05
10.875 2.913e-05
10.8825 2.825e-05
10.89 2.809e-05
10.8975 2.755e-05
10.905 2.821e-05
10.9125 2.803e-05
10.92 2.834e-05
10.9275 2.73e-05
10.935 2.717e-05
10.9425 2.652e-05
10.95 2.715e-05
10.9575 2.747e-05
10.965 2.585e-05
10.9725 2.671e-05
10.98 2.674e-05
10.9875 2.615e-05
10.995 2.527e-05
11.0025 2.512e-05
11.01 2.501e-05
11.0175 2.497e-05
11.025 2.512e-05
11.0325 2.475e-05
11.04 2.421e-05
11.0475 2.389e-05
11.055 2.415e-05
11.0625 2.397e-05
11.07 2.365e-05
11.0775 2.359e-05
11.085 2.383e-05
11.0925 2.233e-05
11.1 2.273e-05
11.1075 2.174e-05
11.115 2.27e-05
11.1225 2.269e-05
11.13 2.255e-05
11.1375 2.227e-05
11.145 2.256e-05
11.1525 2.188e-05
11.16 2.091e-05
11.1675 2.152e-05
11.175 2.12e-05
11.1825 2.05e-05
11.19 2.076e-05
11.1975 1.988e-05
11.205 1.968e-05
11.2125 2.059e-05
11.22 2.015e-05
11.2275 1.931e-05
11.235 1.906e-05
11.2425 1.89e-05
11.25 1.908e-05
11.2575 1.87e-05
11.265 1.818e-05
11.2725 1.862e-05
11.28 1.814e-05
11.2875 1.795e-05
11.295 1.83e-05
11.3025 1.782e-05
11.31 1.727e-05
11.3175 1.727e-05
11.325 1.652e-05
11.3325 1.658e-05
11.34 1.631e-05
11.3475 1.662e-05
11.355 1.629e-05
11.3625 1.599e-05
11.37 1.594e-05
11.3775 1.573e-05
11.385 1.509e-05
11.3925 1.531e-05
11.4 1.554e-05
11.4075 1.487e-05
11.415 1.567e-05
11.4225 1.465e-05
11.43 1.44e-05
11.4375 1.428e-05
11.445 1.426e-05
11.4525 1.41e-05
11.46 1.326e-05
11.4675 1.299e-05
11.475 1.362e-05
11.4825 1.343e-05
11.49 1.281e-05
11.4975 1.372e-05
11.505 1.264e-05
11.5125 1.291e-05
11.52 1.256e-05
11.5275 1.257e-05
11.535 1.2e-05
11.5425 1.222e-05
11.55 1.195e-05
11.5575 1.203e-05
11.565 1.13e-05
11.5725 1.142e-05
11.58 1.091e-05
11.5875 1.066e-05
11.595 1.115e-05
11.6025 1.086e-05
11.61 1.098e-05
11.6175 1.008e-05
11.625 1.057e-05
11.6325 1.003e-05
11.64 9.7e-06
11.6475 9.54e-06
11.655 9.01e-06
11.6625 9.26e-06
11.67 8.52e-06
11.6775 8.73e-06
11.685 8.72e-06
11.6925 8.5e-06
11.7 8.63e-06
11.7075 8.27e-06
11.715 7.97e-06
11.7225 7.9e-06
11.73 7.65e-06
11.7375 7.42e-06
11.745 7.75e-06
11.7525 6.95e-06
11.76 7.58e-06
11.7675 7.47e-06
11.775 7.01e-06
11.7825 6.89e-06
11.79 7.51e-06
11.7975 6.14e-06
11.805 6.24e-06
11.8125 6.16e-06
11.82 6.23e-06
11.8275 6.19e-06
11.835 6.47e-06
11.8425 6.26e-06
11.85 6.01e-06
11.8575 5.19e-06
11.865 5.46e-06
11.8725 5.02e-06
11.88 4.87e-06
11.8875 4.99e-06
11.895 4.54e-06
11.9025 4.53e-06
11.91 4.5e-06
11.9175 4.77e-06
11.925 4.4e-06
11.9325 4.46e-06
11.94 3.79e-06
11.9475 3.95e-06
11.955 3.91e-06
11.9625 3.67e-06
11.97 3.95e-06
11.9775 3.51e-06
11.985 3.48e-06
11.9925 3.16e-06
12 3.08e-06
12.0075 2.79e-06
12.015 3.02e-06
12.0225 2.83e-06
12.03 2.91e-06
12.0375 2.7e-06
12.045 2.07e-06
12.0525 2.36e-06
12.06 2.19e-06
12.0675 1.56e-06
12.075 1.95e-06
12.0825 2.13e-06
12.09 1.8e-06
12.0975 2.25e-06
12.105 5.84e-06
12.1125 2.172e-05
12.12 8.277e-05
12.1275 0.00028844
12.135 0.0009374
12.1425 0.00255062
12.15 0.00641895
12.1575 0.0142425
12.165 0.0280422
12.1725 0.0489189
12.18 0.0757531
12.1875 0.104126
12.195 0.127021
12.2025 0.137606
12.21 0.132258
12.2175 0.112783
12.225 0.0853694
12.2325 0.0573676
12.24 0.0341949
12.2475 0.0180815
12.255 0.00849613
12.2625 0.00352983
12.27 0.00128976
12.2775 0.00045476
12.285 0.00012633
12.2925 3.214e-05
12.3 7.38e-06
12.3075 1.43e-06
12.315 2.5e-07
12.3225 1e-08
12.33 0
12.3375 0
12.345 0
12.3525 0
12.36 0
12.3675 0
12.375 0
12.3825 0
12.39 0
12.3975 0
12.405 0
12.4125 0
12.42 0
12.4275 0
12.435 0
12.4425 0
12.45 0
12.4575 0
12.465 0
12.4725 0
12.48 0
12.4875 0
12.495 0
12.5025 0
12.51 0
12.5175 0
12.525 0
12.5325 0
12.54 0
12.5475 0
12.555 0
12.5625 0
12.57 0
12.5775 0
12.585 0
12.5925 0
12.6 0
12.6075 0
12.615 0
12.6225 0
12.63 0
12.6375 0
12.645 0
12.6525 0
12.66 0
12.6675 0
12.675 0
12.6825 0
12.69 0
12.6975 0
12.705 0
12.7125 0
12.72 0
12.7275 0
12.735 0
12.7425 0
12.75 0
12.7575 0
12.765 0
12.7725 0
12.78 0
12.7875 0
12.795 0
12.8025 0
12.81 0
12.8175 0
12.825 0
12.8325 0
12.84 0
12.8475 0
12.855 0
12.8625 0
12.87 0
12.8775 0
12.885 0
12.8925 0
12.9 0
12.9075 0
12.915 0
12.9225 0
12.93 0
12.9375 0
12.945 0
12.9525 0
12.96 0
12.9675 0
12.975 0
12.9825 0
12.99 0
12.9975 0
13.005 0
13.0125 0
13.02 0
13.0275 0
13.035 0
13.0425 0
13.05 0
13.0575 0
13.065 0
13.0725 0
13.08 0
13.0875 0
13.095 0
13.1025 0
13.11 0
13.1175 0
13.125 0
13.1325 0
13.14 0
13.1475 0
13.155 0
13.1625 0
13.17 0
13.1775 0
13.185 0
13.1925 0
13.2 0
13.2075 0
13.215 0
13.2225 0
13.23 0
13.2375 0
13.245 0
13.2525 0
13.26 0
13.2675 0
13.275 0
13.2825 0
13.29 0
13.2975 0
13.305 0
13.3125 0
13.32 0
13.3275 0
13.335 0
13.3425 0
13.35 0
13.3575 0
13.365 0
13.3725 0
13.38 0
13.3875 0
13.395 0
13.4025 0
13.41 0
13.4175 0
13.425 0
13.4325 0
13.44 0
13.4475 0
13.455 0
13.4625 0
13.47 0
13.4775 0
13.485 0
13.4925 0
13.5 0
13.5075 0
13.515 0
13.5225 0
13.53 0
13.5375 0
13.545 0
13.5525 0
13.56 0
13.5675 0
13.575 0
13.5825 0
13.59 0
13.5975 0
13.605 0
13.6125 0
13.62 0
13.6275 0
13.635 0
13.6425 0
13.65 0
13.6575 0
13.665 0
13.6725 0
13.68 0
13.6875 0
13.695 0
13.7025 0
13.71 0
13.7175 0
13.725 0
13.7325 0
13.74 0
13.7475 0
13.755 0
13.7625 0
13.77 0
13.7775 0
13.785 0
13.7925 0
13.8 0
13.8075 0
13.815 0
13.8225 0
13.83 0
13.8375 0
13.845 0
13.8525 0
13.86 0
13.8675 0
13.875 0
13.8825 0
13.89 0
13.8975 0
13.905 0
13.9125 0
13.92 0
13.9275 0
13.935 0
13.9425 0
13.95 0
13.9575 0
13.965 0
13.9725 0
13.98 0
13.9875 0
13.995 0
14.0025 0
14.01 0
14.0175 0
14.025 0
14.0325 0
14.04 0
14.0475 0
14.055 0
14.0625 0
14.07 0
14.0775 0
14.085 0
14.0925 0
14.1 0
14.1075 0
14.115 0
14.1225 0
14.13 0
14.1375 0
14.145 0
14.1525 0
14.16 0
14.1675 0
14.175 0
14.1825 0
14.19 0
14.1975 0
14.205 0
14.2125 0
14.22 0
14.2275 0
14.235 0
14.2425 0
14.25 0
14.2575 0
14.265 0
14.2725 0
14.28 0
14.2875 0
14.295 0
14.3025 0
14.31 0
14.3175 0
14.325 0
14.3325 0
14.34 0
14.3475 0
14.355 0
14.3625 0
14.37 0
14.3775 0
14.385 0
14.3925 0
14.4 0
14.4075 0
14.415 0
14.4225 0
14.43 0
14.4375 0
14.445 0
14.4525 0
14.46 0
14.4675 0
14.475 0
14.4825 0
14.49 0
14.4975 0
14.505 0
14.5125 0
14.52 0
14.5275 0
14.535 0
14.5425 0
14.55 0
14.5575 0
14.565 0
14.5725 0
14.58 0
14.5875 0
14.595 0
14.6025 0
14.61 0
14.6175 0
14.625 0
14.6325 0
14.64 0
14.6475 0
14.655 0
14.6625 0
14.67 0
14.6775 0
14.685 0
14.6925 0
14.7 0
14.7075 0
14.715 0
14.7225 0
14.73 0
14.7375 0
14.745 0
14.7525 0
14.76 0
14.7675 0
14.775 0
14.7825 0
14.79 0
14.7975 0
14.805 0
14.8125 0
14.82 0
14.8275 0
14.835 0
14.8425 0
14.85 0
14.8575 0
14.865 0
14.8725 0
14.88 0
14.8875 0
14.895 0
14.9025 0
14.91 0
14.9175 0
14.925 0
14.9325 0
14.94 0
14.9475 0
14.955 0
14.9625 0
14.97 0
14.9775 0
14.985 0
14.9925 0
15 0
