# First line is two numbers 
#     First value is '2', it means 'histogram mode'
#     Second value is 'Emin' of the histogram
# Other lines : 2 columns. 1) energy 2) probability (nb divided by NbEvent)
# Number of bins = 100
# Content below the first bin: 0
# Content above the last  bin: 0
# Content above the last  bin: 0
# Number of events: 100000000
2 0
0.5 6.942e-05
1 0.00076553
1.5 0.00185582
2 0.00219736
2.5 0.00275195
3 0.00335495
3.5 0.00405334
4 0.00485855
4.5 0.0057605
5 0.00676368
5.5 0.00785117
6 0.00908027
6.5 0.0104571
7 0.0120234
7.5 0.0139245
8 0.0162074
8.5 0.0191147
9 0.022905
9.5 0.0279461
10 0.034939
10.5 0.0450474
11 0.0603125
11.5 0.0841233
12 0.129285
12.5 0.474352
13 0
13.5 0
14 0
14.5 0
15 0
15.5 0
16 0
16.5 0
17 0
17.5 0
18 0
18.5 0
19 0
19.5 0
20 0
20.5 0
21 0
21.5 0
22 0
22.5 0
23 0
23.5 0
24 0
24.5 0
25 0
25.5 0
26 0
26.5 0
27 0
27.5 0
28 0
28.5 0
29 0
29.5 0
30 0
30.5 0
31 0
31.5 0
32 0
32.5 0
33 0
33.5 0
34 0
34.5 0
35 0
35.5 0
36 0
36.5 0
37 0
37.5 0
38 0
38.5 0
39 0
39.5 0
40 0
40.5 0
41 0
41.5 0
42 0
42.5 0
43 0
43.5 0
44 0
44.5 0
45 0
45.5 0
46 0
46.5 0
47 0
47.5 0
48 0
48.5 0
49 0
49.5 0
50 0
